# oST version 5.0 parameters


[image]

width
640

height
480

[ps_eye]

camera matrix
543.707493 0.000000 329.880006
0.000000 542.298282 228.067504
0.000000 0.000000 1.000000

distortion
-0.089076 0.093591 -0.000897 0.000995 0.000000

rectification
1.000000 0.000000 0.000000
0.000000 1.000000 0.000000
0.000000 0.000000 1.000000

projection
532.112488 0.000000 330.027952 0.000000
0.000000 533.387512 227.039097 0.000000
0.000000 0.000000 1.000000 0.000000

